1700.000000 1.308910
1710.000000 1.308910
1720.000000 1.308910
1730.000000 1.308910
1740.000000 1.308910
1750.000000 1.308910
1760.000000 1.308910
1770.000000 1.308910
1780.000000 1.308910
1790.000000 1.308910
1800.000000 1.308910
1810.000000 1.308910
1820.000000 1.308910
1830.000000 1.308910
1840.000000 1.308910
1850.000000 1.308910
1860.000000 1.308910
1870.000000 1.308910
1880.000000 1.308910
1890.000000 1.308910
1900.000000 1.308910
1910.000000 1.308910
1920.000000 1.308910
1930.000000 1.308910
1940.000000 1.308910
1950.000000 1.308910
1960.000000 1.308910
1970.000000 1.308910
1980.000000 1.308910
1990.000000 1.308910
2000.000000 1.308910
2010.000000 1.278410
2020.000000 1.248700
2030.000000 1.219760
2040.000000 1.191560
2050.000000 1.164100
2060.000000 1.137330
2070.000000 1.111260
2080.000000 1.085850
2090.000000 1.061090
2100.000000 1.036960
2110.000000 1.013440
2120.000000 0.990522
2130.000000 0.968182
2140.000000 0.946407
2150.000000 0.925181
2160.000000 0.904488
2170.000000 0.884315
2180.000000 0.864646
2190.000000 0.845470
2200.000000 0.826771
2210.000000 0.808537
2220.000000 0.790756
2230.000000 0.773416
2240.000000 0.756504
2250.000000 0.740009
2260.000000 0.723920
2270.000000 0.708226
2280.000000 0.692916
2290.000000 0.677981
2300.000000 0.663410
2310.000000 0.649194
2320.000000 0.635322
2330.000000 0.621787
2340.000000 0.608579
2350.000000 0.595690
2360.000000 0.583111
2370.000000 0.570834
2380.000000 0.558851
2390.000000 0.547154
2400.000000 0.535737
2410.000000 0.524591
2420.000000 0.513710
2430.000000 0.503087
2440.000000 0.492715
2450.000000 0.482587
2460.000000 0.472698
2470.000000 0.463041
2480.000000 0.453611
2490.000000 0.444401
2500.000000 0.435405
2510.000000 0.426619
2520.000000 0.418037
2530.000000 0.409654
2540.000000 0.401464
2550.000000 0.393463
2560.000000 0.385647
2570.000000 0.378010
2580.000000 0.370547
2590.000000 0.363255
2600.000000 0.356130
2610.000000 0.349166
2620.000000 0.342361
2630.000000 0.335709
2640.000000 0.329208
2650.000000 0.322853
2660.000000 0.316642
2670.000000 0.310569
2680.000000 0.304633
2690.000000 0.298829
2700.000000 0.293154
2710.000000 0.287605
2720.000000 0.282180
2730.000000 0.276874
2740.000000 0.271686
2750.000000 0.266612
2760.000000 0.261649
2770.000000 0.256795
2780.000000 0.252047
2790.000000 0.247403
2800.000000 0.242860
2810.000000 0.238415
2820.000000 0.234067
2830.000000 0.229813
2840.000000 0.225650
2850.000000 0.221577
2860.000000 0.217592
2870.000000 0.213692
2880.000000 0.209875
2890.000000 0.206139
2900.000000 0.202483
2910.000000 0.198904
2920.000000 0.195401
2930.000000 0.191973
2940.000000 0.188616
2950.000000 0.185330
2960.000000 0.182112
2970.000000 0.178962
2980.000000 0.175878
2990.000000 0.172858
3000.000000 0.169900
3010.000000 0.167004
3020.000000 0.164168
3030.000000 0.161390
3040.000000 0.158669
3050.000000 0.156004
3060.000000 0.153394
3070.000000 0.150837
3080.000000 0.148332
3090.000000 0.145878
3100.000000 0.143474
3110.000000 0.141118
3120.000000 0.138810
3130.000000 0.136548
3140.000000 0.134332
3150.000000 0.132160
3160.000000 0.130032
3170.000000 0.127946
3180.000000 0.125901
3190.000000 0.123898
3200.000000 0.121933
3210.000000 0.120008
3220.000000 0.118121
3230.000000 0.116270
3240.000000 0.114456
3250.000000 0.112678
3260.000000 0.110934
3270.000000 0.109224
3280.000000 0.107547
3290.000000 0.105903
3300.000000 0.104291
3310.000000 0.102710
3320.000000 0.101159
3330.000000 0.099638
3340.000000 0.098146
3350.000000 0.096682
3360.000000 0.095247
3370.000000 0.093839
3380.000000 0.092457
3390.000000 0.091102
3400.000000 0.089772
3410.000000 0.088468
3420.000000 0.087188
3430.000000 0.085931
3440.000000 0.084699
3450.000000 0.083489
3460.000000 0.082302
3470.000000 0.081137
3480.000000 0.079994
3490.000000 0.078871
3500.000000 0.077770
3510.000000 0.076689
3520.000000 0.075627
3530.000000 0.074585
3540.000000 0.073562
3550.000000 0.072558
3560.000000 0.071572
3570.000000 0.070604
3580.000000 0.069653
3590.000000 0.068720
3600.000000 0.067804
3610.000000 0.066904
3620.000000 0.066020
3630.000000 0.065152
3640.000000 0.064299
3650.000000 0.063462
3660.000000 0.062639
3670.000000 0.061832
3680.000000 0.061038
3690.000000 0.060259
3700.000000 0.059493
3710.000000 0.058741
3720.000000 0.058002
3730.000000 0.057276
3740.000000 0.056562
3750.000000 0.055862
3760.000000 0.055173
3770.000000 0.054496
3780.000000 0.053831
3790.000000 0.053178
3800.000000 0.052535
3810.000000 0.051904
3820.000000 0.051284
3830.000000 0.050674
3840.000000 0.050075
3850.000000 0.049486
3860.000000 0.048907
3870.000000 0.048338
3880.000000 0.047779
3890.000000 0.047229
3900.000000 0.046689
3910.000000 0.046157
3920.000000 0.045635
3930.000000 0.045121
3940.000000 0.044616
3950.000000 0.044120
3960.000000 0.043631
3970.000000 0.043151
3980.000000 0.042679
3990.000000 0.042215
4000.000000 0.041758
4010.000000 0.041309
4020.000000 0.040868
4030.000000 0.040434
4040.000000 0.040007
4050.000000 0.039587
4060.000000 0.039174
4070.000000 0.038767
4080.000000 0.038368
4090.000000 0.037975
4100.000000 0.037588
4110.000000 0.037208
4120.000000 0.036833
4130.000000 0.036465
4140.000000 0.036103
4150.000000 0.035747
4160.000000 0.035397
4170.000000 0.035052
4180.000000 0.034713
4190.000000 0.034379
4200.000000 0.034051
4210.000000 0.033728
4220.000000 0.033410
4230.000000 0.033097
4240.000000 0.032789
4250.000000 0.032487
4260.000000 0.032189
4270.000000 0.031896
4280.000000 0.031607
4290.000000 0.031323
4300.000000 0.031044
4310.000000 0.030769
4320.000000 0.030499
4330.000000 0.030232
4340.000000 0.029970
4350.000000 0.029713
4360.000000 0.029459
4370.000000 0.029209
4380.000000 0.028964
4390.000000 0.028722
4400.000000 0.028484
4410.000000 0.028250
4420.000000 0.028019
4430.000000 0.027792
4440.000000 0.027569
4450.000000 0.027349
4460.000000 0.027133
4470.000000 0.026921
4480.000000 0.026711
4490.000000 0.026505
4500.000000 0.026302
4510.000000 0.026103
4520.000000 0.025906
4530.000000 0.025713
4540.000000 0.025523
4550.000000 0.025336
4560.000000 0.025151
4570.000000 0.024970
4580.000000 0.024792
4590.000000 0.024616
4600.000000 0.024443
4610.000000 0.024273
4620.000000 0.024106
4630.000000 0.023942
4640.000000 0.023780
4650.000000 0.023620
4660.000000 0.023464
4670.000000 0.023309
4680.000000 0.023158
4690.000000 0.023008
4700.000000 0.022861
4710.000000 0.022717
4720.000000 0.022575
4730.000000 0.022435
4740.000000 0.022297
4750.000000 0.022162
4760.000000 0.022029
4770.000000 0.021898
4780.000000 0.021770
4790.000000 0.021643
4800.000000 0.021519
4810.000000 0.021396
4820.000000 0.021276
4830.000000 0.021158
4840.000000 0.021042
4850.000000 0.020927
4860.000000 0.020815
4870.000000 0.020705
4880.000000 0.020596
4890.000000 0.020489
4900.000000 0.020385
4910.000000 0.020282
4920.000000 0.020181
4930.000000 0.020081
4940.000000 0.019984
4950.000000 0.019888
4960.000000 0.019794
4970.000000 0.019701
4980.000000 0.019610
4990.000000 0.019521
5000.000000 0.019434
5010.000000 0.019348
5020.000000 0.019264
5030.000000 0.019181
5040.000000 0.019100
5050.000000 0.019021
5060.000000 0.018943
5070.000000 0.018867
5080.000000 0.018792
5090.000000 0.018718
5100.000000 0.018646
5110.000000 0.018576
5120.000000 0.018507
5130.000000 0.018439
5140.000000 0.018373
5150.000000 0.018308
5160.000000 0.018245
5170.000000 0.018183
5180.000000 0.018122
5190.000000 0.018063
5200.000000 0.018005
5210.000000 0.017948
5220.000000 0.017893
5230.000000 0.017839
5240.000000 0.017787
5250.000000 0.017735
5260.000000 0.017685
5270.000000 0.017636
5280.000000 0.017589
5290.000000 0.017542
5300.000000 0.017497
5310.000000 0.017454
5320.000000 0.017411
5330.000000 0.017369
5340.000000 0.017329
5350.000000 0.017290
5360.000000 0.017252
5370.000000 0.017216
5380.000000 0.017180
5390.000000 0.017146
5400.000000 0.017113
5410.000000 0.017081
5420.000000 0.017050
5430.000000 0.017020
5440.000000 0.016992
5450.000000 0.016964
5460.000000 0.016938
5470.000000 0.016913
5480.000000 0.016889
5490.000000 0.016866
5500.000000 0.016844
5510.000000 0.016823
5520.000000 0.016803
5530.000000 0.016785
5540.000000 0.016768
5550.000000 0.016751
5560.000000 0.016736
5570.000000 0.016722
5580.000000 0.016709
5590.000000 0.016696
5600.000000 0.016685
5610.000000 0.016675
5620.000000 0.016667
5630.000000 0.016659
5640.000000 0.016652
5650.000000 0.016647
5660.000000 0.016642
5670.000000 0.016639
5680.000000 0.016636
5690.000000 0.016635
5700.000000 0.016634
5710.000000 0.016635
5720.000000 0.016637
5730.000000 0.016640
5740.000000 0.016644
5750.000000 0.016649
5760.000000 0.016655
5770.000000 0.016662
5780.000000 0.016670
5790.000000 0.016679
5800.000000 0.016689
5810.000000 0.016701
5820.000000 0.016713
5830.000000 0.016727
5840.000000 0.016742
5850.000000 0.016757
5860.000000 0.016774
5870.000000 0.016792
5880.000000 0.016811
5890.000000 0.016831
5900.000000 0.016852
5910.000000 0.016875
5920.000000 0.016898
5930.000000 0.016922
5940.000000 0.016948
5950.000000 0.016975
5960.000000 0.017003
5970.000000 0.017032
5980.000000 0.017062
5990.000000 0.017093
6000.000000 0.017125
6010.000000 0.017159
6020.000000 0.017194
6030.000000 0.017230
6040.000000 0.017267
6050.000000 0.017305
6060.000000 0.017345
6070.000000 0.017385
6080.000000 0.017427
6090.000000 0.017470
6100.000000 0.017515
6110.000000 0.017560
6120.000000 0.017607
6130.000000 0.017655
6140.000000 0.017704
6150.000000 0.017755
6160.000000 0.017807
6170.000000 0.017860
6180.000000 0.017914
6190.000000 0.017970
6200.000000 0.018027
6210.000000 0.018086
6220.000000 0.018145
6230.000000 0.018207
6240.000000 0.018269
6250.000000 0.018333
6260.000000 0.018398
6270.000000 0.018465
6280.000000 0.018533
6290.000000 0.018603
6300.000000 0.018674
6310.000000 0.018746
6320.000000 0.018820
6330.000000 0.018896
6340.000000 0.018973
6350.000000 0.019051
6360.000000 0.019131
6370.000000 0.019213
6380.000000 0.019296
6390.000000 0.019381
6400.000000 0.019467
6410.000000 0.019555
6420.000000 0.019645
6430.000000 0.019737
6440.000000 0.019830
6450.000000 0.019925
6460.000000 0.020021
6470.000000 0.020119
6480.000000 0.020219
6490.000000 0.020321
6500.000000 0.020425
6510.000000 0.020530
6520.000000 0.020638
6530.000000 0.020747
6540.000000 0.020858
6550.000000 0.020971
6560.000000 0.021086
6570.000000 0.021203
6580.000000 0.021322
6590.000000 0.021443
6600.000000 0.021566
6610.000000 0.021692
6620.000000 0.021819
6630.000000 0.021949
6640.000000 0.022080
6650.000000 0.022214
6660.000000 0.022350
6670.000000 0.022489
6680.000000 0.022629
6690.000000 0.022772
6700.000000 0.022918
6710.000000 0.023066
6720.000000 0.023216
6730.000000 0.023369
6740.000000 0.023524
6750.000000 0.023682
6760.000000 0.023842
6770.000000 0.024005
6780.000000 0.024170
6790.000000 0.024339
6800.000000 0.024510
6810.000000 0.024684
6820.000000 0.024860
6830.000000 0.025040
6840.000000 0.025222
6850.000000 0.025407
6860.000000 0.025596
6870.000000 0.025787
6880.000000 0.025982
6890.000000 0.026179
6900.000000 0.026380
6910.000000 0.026584
6920.000000 0.026792
6930.000000 0.027002
6940.000000 0.027216
6950.000000 0.027434
6960.000000 0.027655
6970.000000 0.027880
6980.000000 0.028108
6990.000000 0.028340
7000.000000 0.028575
7010.000000 0.028815
7020.000000 0.029058
7030.000000 0.029305
7040.000000 0.029556
7050.000000 0.029812
7060.000000 0.030071
7070.000000 0.030335
7080.000000 0.030602
7090.000000 0.030875
7100.000000 0.031151
7110.000000 0.031432
7120.000000 0.031718
7130.000000 0.032008
7140.000000 0.032303
7150.000000 0.032603
7160.000000 0.032908
7170.000000 0.033217
7180.000000 0.033532
7190.000000 0.033852
7200.000000 0.034177
7210.000000 0.034507
7220.000000 0.034843
7230.000000 0.035184
7240.000000 0.035531
7250.000000 0.035884
7260.000000 0.036242
7270.000000 0.036607
7280.000000 0.036977
7290.000000 0.037354
7300.000000 0.037736
7310.000000 0.038126
7320.000000 0.038521
7330.000000 0.038923
7340.000000 0.039332
7350.000000 0.039748
7360.000000 0.040171
7370.000000 0.040600
7380.000000 0.041037
7390.000000 0.041482
7400.000000 0.041934
7410.000000 0.042393
7420.000000 0.042861
7430.000000 0.043336
7440.000000 0.043819
7450.000000 0.044310
7460.000000 0.044810
7470.000000 0.045318
7480.000000 0.045836
7490.000000 0.046361
7500.000000 0.046896
7510.000000 0.047440
7520.000000 0.047994
7530.000000 0.048557
7540.000000 0.049130
7550.000000 0.049712
7560.000000 0.050305
7570.000000 0.050909
7580.000000 0.051522
7590.000000 0.052147
7600.000000 0.052782
7610.000000 0.053429
7620.000000 0.054087
7630.000000 0.054756
7640.000000 0.055437
7650.000000 0.056131
7660.000000 0.056836
7670.000000 0.057555
7680.000000 0.058285
7690.000000 0.059030
7700.000000 0.059787
7710.000000 0.060558
7720.000000 0.061343
7730.000000 0.062142
7740.000000 0.062955
7750.000000 0.063783
7760.000000 0.064626
7770.000000 0.065485
7780.000000 0.066359
7790.000000 0.067249
7800.000000 0.068155
7810.000000 0.069078
7820.000000 0.070018
7830.000000 0.070975
7840.000000 0.071950
7850.000000 0.072943
7860.000000 0.073955
7870.000000 0.074985
7880.000000 0.076034
7890.000000 0.077104
7900.000000 0.078192
7910.000000 0.079302
7920.000000 0.080432
7930.000000 0.081584
7940.000000 0.082758
7950.000000 0.083953
7960.000000 0.085172
7970.000000 0.086413
7980.000000 0.087679
7990.000000 0.088968
8000.000000 0.090283
8010.000000 0.091622
8020.000000 0.092987
8030.000000 0.094379
8040.000000 0.095798
8050.000000 0.097244
8060.000000 0.098718
8070.000000 0.100221
8080.000000 0.101754
8090.000000 0.103316
8100.000000 0.104909
8110.000000 0.106534
8120.000000 0.108191
8130.000000 0.109880
8140.000000 0.111603
8150.000000 0.113360
8160.000000 0.115152
8170.000000 0.116980
8180.000000 0.118845
8190.000000 0.120747
8200.000000 0.122687
8210.000000 0.124666
8220.000000 0.126686
8230.000000 0.128746
8240.000000 0.130848
8250.000000 0.132993
8260.000000 0.135182
8270.000000 0.137416
8280.000000 0.139695
8290.000000 0.142022
8300.000000 0.144396
8310.000000 0.146819
8320.000000 0.149293
8330.000000 0.151818
8340.000000 0.154395
8350.000000 0.157026
8360.000000 0.159713
8370.000000 0.162455
8380.000000 0.165256
8390.000000 0.168115
8400.000000 0.171034
8410.000000 0.174016
8420.000000 0.177061
8430.000000 0.180170
8440.000000 0.183346
8450.000000 0.186590
8460.000000 0.189903
8470.000000 0.193287
8480.000000 0.196745
8490.000000 0.200277
8500.000000 0.203885
8510.000000 0.203767
8520.000000 0.203650
8530.000000 0.203532
8540.000000 0.203415
8550.000000 0.203297
8560.000000 0.203180
8570.000000 0.203062
8580.000000 0.202945
8590.000000 0.202827
8600.000000 0.202710
8610.000000 0.202592
8620.000000 0.202475
8630.000000 0.202357
8640.000000 0.202240
8650.000000 0.202122
8660.000000 0.202005
8670.000000 0.201887
8680.000000 0.201770
8690.000000 0.201652
8700.000000 0.201535
8710.000000 0.201417
8720.000000 0.201300
8730.000000 0.201182
8740.000000 0.201065
8750.000000 0.200947
8760.000000 0.200830
8770.000000 0.200712
8780.000000 0.200595
8790.000000 0.200477
8800.000000 0.200360
8810.000000 0.200242
8820.000000 0.200125
8830.000000 0.200007
8840.000000 0.199890
8850.000000 0.199772
8860.000000 0.199655
8870.000000 0.199537
8880.000000 0.199420
8890.000000 0.199302
8900.000000 0.199185
8910.000000 0.199067
8920.000000 0.198950
8930.000000 0.198832
8940.000000 0.198715
8950.000000 0.198597
8960.000000 0.198480
8970.000000 0.198362
8980.000000 0.198245
8990.000000 0.198127
9000.000000 0.198010
9010.000000 0.197892
9020.000000 0.197775
9030.000000 0.197657
9040.000000 0.197540
9050.000000 0.197422
9060.000000 0.197305
9070.000000 0.197187
9080.000000 0.197070
9090.000000 0.196952
9100.000000 0.196835
9110.000000 0.196717
9120.000000 0.196600
9130.000000 0.196482
9140.000000 0.196365
9150.000000 0.196247
9160.000000 0.196130
9170.000000 0.196012
9180.000000 0.195895
9190.000000 0.195777
9200.000000 0.195660
9210.000000 0.195542
9220.000000 0.195425
9230.000000 0.195307
9240.000000 0.195190
9250.000000 0.195072
9260.000000 0.194955
9270.000000 0.194837
9280.000000 0.194720
9290.000000 0.194602
9300.000000 0.194485
9310.000000 0.194367
9320.000000 0.194249
9330.000000 0.194132
9340.000000 0.194014
9350.000000 0.193897
9360.000000 0.193779
9370.000000 0.193662
9380.000000 0.193544
9390.000000 0.193427
9400.000000 0.193309
9410.000000 0.193192
9420.000000 0.193074
9430.000000 0.192957
9440.000000 0.192839
9450.000000 0.192722
9460.000000 0.192604
9470.000000 0.192487
9480.000000 0.192369
9490.000000 0.192252
9500.000000 0.192134
9510.000000 0.192017
9520.000000 0.191899
9530.000000 0.191782
9540.000000 0.191664
9550.000000 0.191547
9560.000000 0.191429
9570.000000 0.191312
9580.000000 0.191194
9590.000000 0.191077
9600.000000 0.190959
9610.000000 0.190842
9620.000000 0.190724
9630.000000 0.190607
9640.000000 0.190489
9650.000000 0.190372
9660.000000 0.190254
9670.000000 0.190137
9680.000000 0.190019
9690.000000 0.189902
9700.000000 0.189784
9710.000000 0.189667
9720.000000 0.189549
9730.000000 0.189432
9740.000000 0.189314
9750.000000 0.189197
9760.000000 0.189079
9770.000000 0.188962
9780.000000 0.188844
9790.000000 0.188727
9800.000000 0.188609
9810.000000 0.188492
9820.000000 0.188374
9830.000000 0.188257
9840.000000 0.188139
9850.000000 0.188022
9860.000000 0.187904
9870.000000 0.187787
9880.000000 0.187669
9890.000000 0.187552
9900.000000 0.187434
9910.000000 0.187317
9920.000000 0.187199
9930.000000 0.187082
9940.000000 0.186964
9950.000000 0.186847
9960.000000 0.186729
9970.000000 0.186612
9980.000000 0.186494
9990.000000 0.186377
10000.000000 0.186259
10010.000000 0.186142
10020.000000 0.186024
10030.000000 0.185907
10040.000000 0.185789
10050.000000 0.185672
10060.000000 0.185554
10070.000000 0.185437
10080.000000 0.185319
10090.000000 0.185202
10100.000000 0.185084
10110.000000 0.184967
10120.000000 0.184849
10130.000000 0.184732
10140.000000 0.184614
10150.000000 0.184497
10160.000000 0.184379
10170.000000 0.184261
10180.000000 0.184144
10190.000000 0.184026
10200.000000 0.183909
10210.000000 0.183791
10220.000000 0.183674
10230.000000 0.183556
10240.000000 0.183439
10250.000000 0.183321
10260.000000 0.183204
10270.000000 0.183086
10280.000000 0.182969
10290.000000 0.182851
10300.000000 0.182734
10310.000000 0.182616
10320.000000 0.182499
10330.000000 0.182381
10340.000000 0.182264
10350.000000 0.182146
10360.000000 0.182029
10370.000000 0.181911
10380.000000 0.181794
10390.000000 0.181676
10400.000000 0.181559
10410.000000 0.181441
10420.000000 0.181324
10430.000000 0.181206
10440.000000 0.181089
10450.000000 0.180971
10460.000000 0.180854
10470.000000 0.180736
10480.000000 0.180619
10490.000000 0.180501
10500.000000 0.180384
10510.000000 0.180266
10520.000000 0.180149
10530.000000 0.180031
10540.000000 0.179914
10550.000000 0.179796
10560.000000 0.179679
10570.000000 0.179561
10580.000000 0.179444
10590.000000 0.179326
10600.000000 0.179209
10610.000000 0.179091
10620.000000 0.178974
10630.000000 0.178856
10640.000000 0.178739
10650.000000 0.178621
10660.000000 0.178504
10670.000000 0.178386
10680.000000 0.178269
10690.000000 0.178151
10700.000000 0.178034
10710.000000 0.177916
10720.000000 0.177799
10730.000000 0.177681
10740.000000 0.177564
10750.000000 0.177446
10760.000000 0.177329
10770.000000 0.177211
10780.000000 0.177094
10790.000000 0.176976
10800.000000 0.176859
10810.000000 0.176741
10820.000000 0.176624
10830.000000 0.176506
10840.000000 0.176389
10850.000000 0.176271
10860.000000 0.176154
10870.000000 0.176036
10880.000000 0.175919
10890.000000 0.175801
10900.000000 0.175684
10910.000000 0.175566
10920.000000 0.175449
10930.000000 0.175331
10940.000000 0.175214
10950.000000 0.175096
10960.000000 0.174979
10970.000000 0.174861
10980.000000 0.174743
10990.000000 0.174626
11000.000000 0.174508
11010.000000 0.174391
11020.000000 0.174273
11030.000000 0.174156
11040.000000 0.174038
11050.000000 0.173921
11060.000000 0.173803
11070.000000 0.173686
11080.000000 0.173568
11090.000000 0.173451
11100.000000 0.173333
11110.000000 0.173216
11120.000000 0.173098
11130.000000 0.172981
11140.000000 0.172863
11150.000000 0.172746
11160.000000 0.172628
11170.000000 0.172511
11180.000000 0.172393
11190.000000 0.172276
11200.000000 0.172158
11210.000000 0.172041
11220.000000 0.171923
11230.000000 0.171806
11240.000000 0.171688
11250.000000 0.171571
11260.000000 0.171453
11270.000000 0.171336
11280.000000 0.171218
11290.000000 0.171101
11300.000000 0.170983
11310.000000 0.170866
11320.000000 0.170748
11330.000000 0.170631
11340.000000 0.170513
11350.000000 0.170396
11360.000000 0.170278
11370.000000 0.170161
11380.000000 0.170043
11390.000000 0.169926
11400.000000 0.169808
11410.000000 0.169691
11420.000000 0.169573
11430.000000 0.169456
11440.000000 0.169338
11450.000000 0.169221
11460.000000 0.169103
11470.000000 0.168986
11480.000000 0.168868
11490.000000 0.168751
11500.000000 0.168633
11510.000000 0.168516
11520.000000 0.168398
11530.000000 0.168281
11540.000000 0.168163
11550.000000 0.168046
11560.000000 0.167928
11570.000000 0.167811
11580.000000 0.167693
11590.000000 0.167576
11600.000000 0.167458
11610.000000 0.167341
11620.000000 0.167223
11630.000000 0.167106
11640.000000 0.166988
11650.000000 0.166871
11660.000000 0.166753
11670.000000 0.166636
11680.000000 0.166518
11690.000000 0.166401
11700.000000 0.166283
11710.000000 0.166166
11720.000000 0.166048
11730.000000 0.165931
11740.000000 0.165813
11750.000000 0.165696
11760.000000 0.165578
11770.000000 0.165461
11780.000000 0.165343
11790.000000 0.165226
11800.000000 0.165108
11810.000000 0.164990
11820.000000 0.164873
11830.000000 0.164755
11840.000000 0.164638
11850.000000 0.164520
11860.000000 0.164403
11870.000000 0.164285
11880.000000 0.164168
11890.000000 0.164050
11900.000000 0.163933
11910.000000 0.163815
11920.000000 0.163698
11930.000000 0.163580
11940.000000 0.163463
11950.000000 0.163345
11960.000000 0.163228
11970.000000 0.163110
11980.000000 0.162993
11990.000000 0.162875
12000.000000 0.162758
12010.000000 0.162640
12020.000000 0.162523
12030.000000 0.162405
12040.000000 0.162288
12050.000000 0.162170
12060.000000 0.162053
12070.000000 0.161935
12080.000000 0.161818
12090.000000 0.161700
12100.000000 0.161583
12110.000000 0.161465
12120.000000 0.161348
12130.000000 0.161230
12140.000000 0.161113
12150.000000 0.160995
12160.000000 0.160878
12170.000000 0.160760
12180.000000 0.160643
12190.000000 0.160525
12200.000000 0.160408
12210.000000 0.160290
12220.000000 0.160173
12230.000000 0.160055
12240.000000 0.159938
12250.000000 0.159820
12260.000000 0.159703
12270.000000 0.159585
12280.000000 0.159468
12290.000000 0.159350
12300.000000 0.159233
12310.000000 0.159115
12320.000000 0.158998
12330.000000 0.158880
12340.000000 0.158763
12350.000000 0.158645
12360.000000 0.158528
12370.000000 0.158410
12380.000000 0.158293
12390.000000 0.158175
12400.000000 0.158058
12410.000000 0.157940
12420.000000 0.157823
12430.000000 0.157705
12440.000000 0.157588
12450.000000 0.157470
12460.000000 0.157353
12470.000000 0.157235
12480.000000 0.157118
12490.000000 0.157000
12500.000000 0.156883
12510.000000 0.156765
12520.000000 0.156648
12530.000000 0.156530
12540.000000 0.156413
12550.000000 0.156295
12560.000000 0.156178
12570.000000 0.156060
12580.000000 0.155943
12590.000000 0.155825
12600.000000 0.155708
12610.000000 0.155590
12620.000000 0.155473
12630.000000 0.155355
12640.000000 0.155237
12650.000000 0.155120
12660.000000 0.155002
12670.000000 0.154885
12680.000000 0.154767
12690.000000 0.154650
12700.000000 0.154532
12710.000000 0.154415
12720.000000 0.154297
12730.000000 0.154180
12740.000000 0.154062
12750.000000 0.153945
12760.000000 0.153827
12770.000000 0.153710
12780.000000 0.153592
12790.000000 0.153475
12800.000000 0.153357
12810.000000 0.153240
12820.000000 0.153122
12830.000000 0.153005
12840.000000 0.152887
12850.000000 0.152770
12860.000000 0.152652
12870.000000 0.152535
12880.000000 0.152417
12890.000000 0.152300
12900.000000 0.152182
12910.000000 0.152065
12920.000000 0.151947
12930.000000 0.151830
12940.000000 0.151712
12950.000000 0.151595
12960.000000 0.151477
12970.000000 0.151360
12980.000000 0.151242
12990.000000 0.151125
13000.000000 0.151007
13010.000000 0.150890
13020.000000 0.150772
13030.000000 0.150655
13040.000000 0.150537
13050.000000 0.150420
13060.000000 0.150302
13070.000000 0.150185
13080.000000 0.150067
13090.000000 0.149950
13100.000000 0.149832
13110.000000 0.149715
13120.000000 0.149597
13130.000000 0.149480
13140.000000 0.149362
13150.000000 0.149245
13160.000000 0.149127
13170.000000 0.149010
13180.000000 0.148892
13190.000000 0.148775
13200.000000 0.148657
13210.000000 0.148540
13220.000000 0.148422
13230.000000 0.148305
13240.000000 0.148187
13250.000000 0.148070
13260.000000 0.147952
13270.000000 0.147835
13280.000000 0.147717
13290.000000 0.147600
13300.000000 0.147482
13310.000000 0.147365
13320.000000 0.147247
13330.000000 0.147130
13340.000000 0.147012
13350.000000 0.146895
13360.000000 0.146777
13370.000000 0.146660
13380.000000 0.146542
13390.000000 0.146425
13400.000000 0.146307
13410.000000 0.146190
13420.000000 0.146072
13430.000000 0.145955
13440.000000 0.145837
13450.000000 0.145720
13460.000000 0.145602
13470.000000 0.145484
13480.000000 0.145367
13490.000000 0.145249
13500.000000 0.145132
13510.000000 0.145014
13520.000000 0.144897
13530.000000 0.144779
13540.000000 0.144662
13550.000000 0.144544
13560.000000 0.144427
13570.000000 0.144309
13580.000000 0.144192
13590.000000 0.144074
13600.000000 0.143957
13610.000000 0.143839
13620.000000 0.143722
13630.000000 0.143604
13640.000000 0.143487
13650.000000 0.143369
13660.000000 0.143252
13670.000000 0.143134
13680.000000 0.143017
13690.000000 0.142899
13700.000000 0.142782
13710.000000 0.142664
13720.000000 0.142547
13730.000000 0.142429
13740.000000 0.142312
13750.000000 0.142194
13760.000000 0.142077
13770.000000 0.141959
13780.000000 0.141842
13790.000000 0.141724
13800.000000 0.141607
13810.000000 0.141489
13820.000000 0.141372
13830.000000 0.141254
13840.000000 0.141137
13850.000000 0.141019
13860.000000 0.140902
13870.000000 0.140784
13880.000000 0.140667
13890.000000 0.140549
13900.000000 0.140432
13910.000000 0.140314
13920.000000 0.140197
13930.000000 0.140079
13940.000000 0.139962
13950.000000 0.139844
13960.000000 0.139727
13970.000000 0.139609
13980.000000 0.139492
13990.000000 0.139374
14000.000000 0.139257
14010.000000 0.139139
14020.000000 0.139022
14030.000000 0.138904
14040.000000 0.138787
14050.000000 0.138669
14060.000000 0.138552
14070.000000 0.138434
14080.000000 0.138317
14090.000000 0.138199
14100.000000 0.138082
14110.000000 0.137964
14120.000000 0.137847
14130.000000 0.137729
14140.000000 0.137612
14150.000000 0.137494
14160.000000 0.137377
14170.000000 0.137259
14180.000000 0.137142
14190.000000 0.137024
14200.000000 0.136907
14210.000000 0.136789
14220.000000 0.136672
14230.000000 0.136554
14240.000000 0.136437
14250.000000 0.136319
14260.000000 0.136202
14270.000000 0.136084
14280.000000 0.135966
14290.000000 0.135849
14300.000000 0.135731
14310.000000 0.135614
14320.000000 0.135496
14330.000000 0.135379
14340.000000 0.135261
14350.000000 0.135144
14360.000000 0.135026
14370.000000 0.134909
14380.000000 0.134791
14390.000000 0.134674
14400.000000 0.134556
14410.000000 0.134439
14420.000000 0.134321
14430.000000 0.134204
14440.000000 0.134086
14450.000000 0.133969
14460.000000 0.133851
14470.000000 0.133734
14480.000000 0.133616
14490.000000 0.133499
14500.000000 0.133381
14510.000000 0.133264
14520.000000 0.133146
14530.000000 0.133029
14540.000000 0.132911
14550.000000 0.132794
14560.000000 0.132676
14570.000000 0.132559
14580.000000 0.132441
14590.000000 0.132324
14600.000000 0.132206
14610.000000 0.132089
14620.000000 0.131971
14630.000000 0.131854
14640.000000 0.131736
14650.000000 0.131619
14660.000000 0.131501
14670.000000 0.131384
14680.000000 0.131266
14690.000000 0.131149
14700.000000 0.131031
14710.000000 0.130914
14720.000000 0.130796
14730.000000 0.130679
14740.000000 0.130561
14750.000000 0.130444
14760.000000 0.130326
14770.000000 0.130209
14780.000000 0.130091
14790.000000 0.129974
14800.000000 0.129856
14810.000000 0.129739
14820.000000 0.129621
14830.000000 0.129504
14840.000000 0.129386
14850.000000 0.129269
14860.000000 0.129151
14870.000000 0.129034
14880.000000 0.128916
14890.000000 0.128799
14900.000000 0.128681
14910.000000 0.128564
14920.000000 0.128446
14930.000000 0.128329
14940.000000 0.128211
14950.000000 0.128094
14960.000000 0.127976
14970.000000 0.127859
14980.000000 0.127741
14990.000000 0.127624
15000.000000 0.127506
15010.000000 0.127389
15020.000000 0.127271
15030.000000 0.127154
15040.000000 0.127036
15050.000000 0.126919
15060.000000 0.126801
15070.000000 0.126684
15080.000000 0.126566
15090.000000 0.126449
15100.000000 0.126331
15110.000000 0.126213
15120.000000 0.126096
15130.000000 0.125978
15140.000000 0.125861
15150.000000 0.125743
15160.000000 0.125626
15170.000000 0.125508
15180.000000 0.125391
15190.000000 0.125273
15200.000000 0.125156
15210.000000 0.125038
15220.000000 0.124921
15230.000000 0.124803
15240.000000 0.124686
15250.000000 0.124568
15260.000000 0.124451
15270.000000 0.124333
15280.000000 0.124216
15290.000000 0.124098
15300.000000 0.123981
15310.000000 0.123863
15320.000000 0.123746
15330.000000 0.123628
15340.000000 0.123511
15350.000000 0.123393
15360.000000 0.123276
15370.000000 0.123158
15380.000000 0.123041
15390.000000 0.122923
15400.000000 0.122806
15410.000000 0.122688
15420.000000 0.122571
15430.000000 0.122453
15440.000000 0.122336
15450.000000 0.122218
15460.000000 0.122101
15470.000000 0.121983
15480.000000 0.121866
15490.000000 0.121748
15500.000000 0.121631
15510.000000 0.121513
15520.000000 0.121396
15530.000000 0.121278
15540.000000 0.121161
15550.000000 0.121043
15560.000000 0.120926
15570.000000 0.120808
15580.000000 0.120691
15590.000000 0.120573
15600.000000 0.120456
15610.000000 0.120338
15620.000000 0.120221
15630.000000 0.120103
15640.000000 0.119986
15650.000000 0.119868
15660.000000 0.119751
15670.000000 0.119633
15680.000000 0.119516
15690.000000 0.119398
15700.000000 0.119281
15710.000000 0.119163
15720.000000 0.119046
15730.000000 0.118928
15740.000000 0.118811
15750.000000 0.118693
15760.000000 0.118576
15770.000000 0.118458
15780.000000 0.118341
15790.000000 0.118223
15800.000000 0.118106
15810.000000 0.117988
15820.000000 0.117871
15830.000000 0.117753
15840.000000 0.117636
15850.000000 0.117518
15860.000000 0.117401
15870.000000 0.117283
15880.000000 0.117166
15890.000000 0.117048
15900.000000 0.116931
15910.000000 0.116813
15920.000000 0.116695
15930.000000 0.116578
15940.000000 0.116460
15950.000000 0.116343
15960.000000 0.116225
15970.000000 0.116108
15980.000000 0.115990
15990.000000 0.115873
16000.000000 0.115755
16010.000000 0.115638
16020.000000 0.115520
16030.000000 0.115403
16040.000000 0.115285
16050.000000 0.115168
16060.000000 0.115050
16070.000000 0.114933
16080.000000 0.114815
16090.000000 0.114698
16100.000000 0.114580
16110.000000 0.114463
16120.000000 0.114345
16130.000000 0.114228
16140.000000 0.114110
16150.000000 0.113993
16160.000000 0.113875
16170.000000 0.113758
16180.000000 0.113640
16190.000000 0.113523
16200.000000 0.113405
16210.000000 0.113288
16220.000000 0.113170
16230.000000 0.113053
16240.000000 0.112935
16250.000000 0.112818
16260.000000 0.112700
16270.000000 0.112583
16280.000000 0.112465
16290.000000 0.112348
16300.000000 0.112230
16310.000000 0.112113
16320.000000 0.111995
16330.000000 0.111878
16340.000000 0.111760
16350.000000 0.111643
16360.000000 0.111525
16370.000000 0.111408
16380.000000 0.111290
16390.000000 0.111173
16400.000000 0.111055
16410.000000 0.110938
16420.000000 0.110820
16430.000000 0.110703
16440.000000 0.110585
16450.000000 0.110468
16460.000000 0.110350
16470.000000 0.110233
16480.000000 0.110115
16490.000000 0.109998
16500.000000 0.109880
16510.000000 0.109763
16520.000000 0.109645
16530.000000 0.109528
16540.000000 0.109410
16550.000000 0.109293
16560.000000 0.109175
16570.000000 0.109058
16580.000000 0.108940
16590.000000 0.108823
16600.000000 0.108705
16610.000000 0.108588
16620.000000 0.108470
16630.000000 0.108353
16640.000000 0.108235
16650.000000 0.108118
16660.000000 0.108000
16670.000000 0.107883
16680.000000 0.107765
16690.000000 0.107648
16700.000000 0.107530
16710.000000 0.107413
16720.000000 0.107295
16730.000000 0.107178
16740.000000 0.107060
16750.000000 0.106942
16760.000000 0.106825
16770.000000 0.106707
16780.000000 0.106590
16790.000000 0.106472
16800.000000 0.106355
16810.000000 0.106237
16820.000000 0.106120
16830.000000 0.106002
16840.000000 0.105885
16850.000000 0.105767
16860.000000 0.105650
16870.000000 0.105532
16880.000000 0.105415
16890.000000 0.105297
16900.000000 0.105180
16910.000000 0.105062
16920.000000 0.104945
16930.000000 0.104827
16940.000000 0.104710
16950.000000 0.104592
16960.000000 0.104475
16970.000000 0.104357
16980.000000 0.104240
16990.000000 0.104122
17000.000000 0.104005
17010.000000 0.103887
17020.000000 0.103770
17030.000000 0.103652
17040.000000 0.103535
17050.000000 0.103417
17060.000000 0.103300
17070.000000 0.103182
17080.000000 0.103065
17090.000000 0.102947
17100.000000 0.102830
17110.000000 0.102712
17120.000000 0.102595
17130.000000 0.102477
17140.000000 0.102360
17150.000000 0.102242
17160.000000 0.102125
17170.000000 0.102007
17180.000000 0.101890
17190.000000 0.101772
17200.000000 0.101655
17210.000000 0.101537
17220.000000 0.101420
17230.000000 0.101302
17240.000000 0.101185
17250.000000 0.101067
17260.000000 0.100950
17270.000000 0.100832
17280.000000 0.100715
17290.000000 0.100597
17300.000000 0.100480
17310.000000 0.100362
17320.000000 0.100245
17330.000000 0.100127
17340.000000 0.100010
17350.000000 0.099892
17360.000000 0.099775
17370.000000 0.099657
17380.000000 0.099540
17390.000000 0.099422
17400.000000 0.099305
17410.000000 0.099187
17420.000000 0.099070
17430.000000 0.098952
17440.000000 0.098835
17450.000000 0.098717
17460.000000 0.098600
17470.000000 0.098482
17480.000000 0.098365
17490.000000 0.098247
17500.000000 0.098130
17510.000000 0.098012
17520.000000 0.097895
17530.000000 0.097777
17540.000000 0.097660
17550.000000 0.097542
17560.000000 0.097425
17570.000000 0.097307
17580.000000 0.097189
17590.000000 0.097072
17600.000000 0.096954
17610.000000 0.096837
17620.000000 0.096719
17630.000000 0.096602
17640.000000 0.096484
17650.000000 0.096367
17660.000000 0.096249
17670.000000 0.096132
17680.000000 0.096014
17690.000000 0.095897
17700.000000 0.095779
17710.000000 0.095662
17720.000000 0.095544
17730.000000 0.095427
17740.000000 0.095309
17750.000000 0.095192
17760.000000 0.095074
17770.000000 0.094957
17780.000000 0.094839
17790.000000 0.094722
17800.000000 0.094604
17810.000000 0.094487
17820.000000 0.094369
17830.000000 0.094252
17840.000000 0.094134
17850.000000 0.094017
17860.000000 0.093899
17870.000000 0.093782
17880.000000 0.093664
17890.000000 0.093547
17900.000000 0.093429
17910.000000 0.093312
17920.000000 0.093194
17930.000000 0.093077
17940.000000 0.092959
17950.000000 0.092842
17960.000000 0.092724
17970.000000 0.092607
17980.000000 0.092489
17990.000000 0.092372
18000.000000 0.092254
18010.000000 0.092137
18020.000000 0.092019
18030.000000 0.091902
18040.000000 0.091784
18050.000000 0.091667
18060.000000 0.091549
18070.000000 0.091432
18080.000000 0.091314
18090.000000 0.091197
18100.000000 0.091079
18110.000000 0.090962
18120.000000 0.090844
18130.000000 0.090727
18140.000000 0.090609
18150.000000 0.090492
18160.000000 0.090374
18170.000000 0.090257
18180.000000 0.090139
18190.000000 0.090022
18200.000000 0.089904
18210.000000 0.089787
18220.000000 0.089669
18230.000000 0.089552
18240.000000 0.089434
18250.000000 0.089317
18260.000000 0.089199
18270.000000 0.089082
18280.000000 0.088964
18290.000000 0.088847
18300.000000 0.088729
18310.000000 0.088612
18320.000000 0.088494
18330.000000 0.088377
18340.000000 0.088259
18350.000000 0.088142
18360.000000 0.088024
18370.000000 0.087907
18380.000000 0.087789
18390.000000 0.087672
18400.000000 0.087554
18410.000000 0.087436
18420.000000 0.087319
18430.000000 0.087201
18440.000000 0.087084
18450.000000 0.086966
18460.000000 0.086849
18470.000000 0.086731
18480.000000 0.086614
18490.000000 0.086496
18500.000000 0.086379
18510.000000 0.086261
18520.000000 0.086144
18530.000000 0.086026
18540.000000 0.085909
18550.000000 0.085791
18560.000000 0.085674
18570.000000 0.085556
18580.000000 0.085439
18590.000000 0.085321
18600.000000 0.085204
18610.000000 0.085086
18620.000000 0.084969
18630.000000 0.084851
18640.000000 0.084734
18650.000000 0.084616
18660.000000 0.084499
18670.000000 0.084381
18680.000000 0.084264
18690.000000 0.084146
18700.000000 0.084029
18710.000000 0.083911
18720.000000 0.083794
18730.000000 0.083676
18740.000000 0.083559
18750.000000 0.083441
18760.000000 0.083324
18770.000000 0.083206
18780.000000 0.083089
18790.000000 0.082971
18800.000000 0.082854
18810.000000 0.082736
18820.000000 0.082619
18830.000000 0.082501
18840.000000 0.082384
18850.000000 0.082266
18860.000000 0.082149
18870.000000 0.082031
18880.000000 0.081914
18890.000000 0.081796
18900.000000 0.081679
18910.000000 0.081561
18920.000000 0.081444
18930.000000 0.081326
18940.000000 0.081209
18950.000000 0.081091
18960.000000 0.080974
18970.000000 0.080856
18980.000000 0.080739
18990.000000 0.080621
19000.000000 0.080504
19010.000000 0.080386
19020.000000 0.080269
19030.000000 0.080151
19040.000000 0.080034
19050.000000 0.079916
19060.000000 0.079799
19070.000000 0.079681
19080.000000 0.079564
19090.000000 0.079446
19100.000000 0.079329
19110.000000 0.079211
19120.000000 0.079094
19130.000000 0.078976
19140.000000 0.078859
19150.000000 0.078741
19160.000000 0.078624
19170.000000 0.078506
19180.000000 0.078389
19190.000000 0.078271
19200.000000 0.078154
19210.000000 0.078036
19220.000000 0.077919
19230.000000 0.077801
19240.000000 0.077683
19250.000000 0.077566
19260.000000 0.077448
19270.000000 0.077331
19280.000000 0.077213
19290.000000 0.077096
19300.000000 0.076978
19310.000000 0.076861
19320.000000 0.076743
19330.000000 0.076626
19340.000000 0.076508
19350.000000 0.076391
19360.000000 0.076273
19370.000000 0.076156
19380.000000 0.076038
19390.000000 0.075921
19400.000000 0.075803
19410.000000 0.075686
19420.000000 0.075568
19430.000000 0.075451
19440.000000 0.075333
19450.000000 0.075216
19460.000000 0.075098
19470.000000 0.074981
19480.000000 0.074863
19490.000000 0.074746
19500.000000 0.074628
19510.000000 0.074511
19520.000000 0.074393
19530.000000 0.074276
19540.000000 0.074158
19550.000000 0.074041
19560.000000 0.073923
19570.000000 0.073806
19580.000000 0.073688
19590.000000 0.073571
19600.000000 0.073453
19610.000000 0.073336
19620.000000 0.073218
19630.000000 0.073101
19640.000000 0.072983
19650.000000 0.072866
19660.000000 0.072748
19670.000000 0.072631
19680.000000 0.072513
19690.000000 0.072396
19700.000000 0.072278
19710.000000 0.072161
19720.000000 0.072043
19730.000000 0.071926
19740.000000 0.071808
19750.000000 0.071691
19760.000000 0.071573
19770.000000 0.071456
19780.000000 0.071338
19790.000000 0.071221
19800.000000 0.071103
19810.000000 0.070986
19820.000000 0.070868
19830.000000 0.070751
19840.000000 0.070633
19850.000000 0.070516
19860.000000 0.070398
19870.000000 0.070281
19880.000000 0.070163
19890.000000 0.070046
19900.000000 0.069928
19910.000000 0.069811
19920.000000 0.069693
19930.000000 0.069576
19940.000000 0.069458
19950.000000 0.069341
19960.000000 0.069223
19970.000000 0.069106
19980.000000 0.068988
19990.000000 0.068871
20000.000000 0.068753
20010.000000 0.068636
20020.000000 0.068518
20030.000000 0.068401
20040.000000 0.068283
20050.000000 0.068166
20060.000000 0.068048
20070.000000 0.067930
20080.000000 0.067813
20090.000000 0.067695
20100.000000 0.067578
20110.000000 0.067460
20120.000000 0.067343
20130.000000 0.067225
20140.000000 0.067108
20150.000000 0.066990
20160.000000 0.066873
20170.000000 0.066755
20180.000000 0.066638
20190.000000 0.066520
20200.000000 0.066403
20210.000000 0.066285
20220.000000 0.066168
20230.000000 0.066050
20240.000000 0.065933
20250.000000 0.065815
20260.000000 0.065698
20270.000000 0.065580
20280.000000 0.065463
20290.000000 0.065345
20300.000000 0.065228
20310.000000 0.065110
20320.000000 0.064993
20330.000000 0.064875
20340.000000 0.064758
20350.000000 0.064640
20360.000000 0.064523
20370.000000 0.064405
20380.000000 0.064288
20390.000000 0.064170
20400.000000 0.064053
20410.000000 0.063935
20420.000000 0.063818
20430.000000 0.063700
20440.000000 0.063583
20450.000000 0.063465
20460.000000 0.063348
20470.000000 0.063230
20480.000000 0.063113
20490.000000 0.062995
20500.000000 0.062878
20510.000000 0.062760
20520.000000 0.062643
20530.000000 0.062525
20540.000000 0.062408
20550.000000 0.062290
20560.000000 0.062173
20570.000000 0.062055
20580.000000 0.061938
20590.000000 0.061820
20600.000000 0.061703
20610.000000 0.061585
20620.000000 0.061468
20630.000000 0.061350
20640.000000 0.061233
20650.000000 0.061115
20660.000000 0.060998
20670.000000 0.060880
20680.000000 0.060763
20690.000000 0.060645
20700.000000 0.060528
20710.000000 0.060410
20720.000000 0.060293
20730.000000 0.060175
20740.000000 0.060058
20750.000000 0.059940
20760.000000 0.059823
20770.000000 0.059705
20780.000000 0.059588
20790.000000 0.059470
20800.000000 0.059353
20810.000000 0.059235
20820.000000 0.059118
20830.000000 0.059000
20840.000000 0.058883
20850.000000 0.058765
20860.000000 0.058648
20870.000000 0.058530
20880.000000 0.058412
20890.000000 0.058295
20900.000000 0.058177
20910.000000 0.058060
20920.000000 0.057942
20930.000000 0.057825
20940.000000 0.057707
20950.000000 0.057590
20960.000000 0.057472
20970.000000 0.057355
20980.000000 0.057237
20990.000000 0.057120
21000.000000 0.057002
21010.000000 0.056885
21020.000000 0.056767
21030.000000 0.056650
21040.000000 0.056532
21050.000000 0.056415
21060.000000 0.056297
21070.000000 0.056180
21080.000000 0.056062
21090.000000 0.055945
21100.000000 0.055827
21110.000000 0.055710
21120.000000 0.055592
21130.000000 0.055475
21140.000000 0.055357
21150.000000 0.055240
21160.000000 0.055122
21170.000000 0.055005
21180.000000 0.054887
21190.000000 0.054770
21200.000000 0.054652
21210.000000 0.054535
21220.000000 0.054417
21230.000000 0.054300
21240.000000 0.054182
21250.000000 0.054065
21260.000000 0.053947
21270.000000 0.053830
21280.000000 0.053712
21290.000000 0.053595
21300.000000 0.053477
21310.000000 0.053360
21320.000000 0.053242
21330.000000 0.053125
21340.000000 0.053007
21350.000000 0.052890
21360.000000 0.052772
21370.000000 0.052655
21380.000000 0.052537
21390.000000 0.052420
21400.000000 0.052302
21410.000000 0.052185
21420.000000 0.052067
21430.000000 0.051950
21440.000000 0.051832
21450.000000 0.051715
21460.000000 0.051597
21470.000000 0.051480
21480.000000 0.051362
21490.000000 0.051245
21500.000000 0.051127
21510.000000 0.051010
21520.000000 0.050892
21530.000000 0.050775
21540.000000 0.050657
21550.000000 0.050540
21560.000000 0.050422
21570.000000 0.050305
21580.000000 0.050187
21590.000000 0.050070
21600.000000 0.049952
21610.000000 0.049835
21620.000000 0.049717
21630.000000 0.049600
21640.000000 0.049482
21650.000000 0.049365
21660.000000 0.049247
21670.000000 0.049130
21680.000000 0.049012
21690.000000 0.048895
21700.000000 0.048777
21710.000000 0.048659
21720.000000 0.048542
21730.000000 0.048424
21740.000000 0.048307
21750.000000 0.048189
21760.000000 0.048072
21770.000000 0.047954
21780.000000 0.047837
21790.000000 0.047719
21800.000000 0.047602
21810.000000 0.047484
21820.000000 0.047367
21830.000000 0.047249
21840.000000 0.047132
21850.000000 0.047014
21860.000000 0.046897
21870.000000 0.046779
21880.000000 0.046662
21890.000000 0.046544
21900.000000 0.046427
21910.000000 0.046309
21920.000000 0.046192
21930.000000 0.046074
21940.000000 0.045957
21950.000000 0.045839
21960.000000 0.045722
21970.000000 0.045604
21980.000000 0.045487
21990.000000 0.045369
22000.000000 0.045252
22010.000000 0.045134
22020.000000 0.045017
22030.000000 0.044899
22040.000000 0.044782
22050.000000 0.044664
22060.000000 0.044547
22070.000000 0.044429
22080.000000 0.044312
22090.000000 0.044194
22100.000000 0.044077
22110.000000 0.043959
22120.000000 0.043842
22130.000000 0.043724
22140.000000 0.043607
22150.000000 0.043489
22160.000000 0.043372
22170.000000 0.043254
22180.000000 0.043137
22190.000000 0.043019
22200.000000 0.042902
22210.000000 0.042784
22220.000000 0.042667
22230.000000 0.042549
22240.000000 0.042432
22250.000000 0.042314
22260.000000 0.042197
22270.000000 0.042079
22280.000000 0.041962
22290.000000 0.041844
22300.000000 0.041727
22310.000000 0.041609
22320.000000 0.041492
22330.000000 0.041374
22340.000000 0.041257
22350.000000 0.041139
22360.000000 0.041022
22370.000000 0.040904
22380.000000 0.040787
22390.000000 0.040669
22400.000000 0.040552
22410.000000 0.040434
22420.000000 0.040317
22430.000000 0.040199
22440.000000 0.040082
22450.000000 0.039964
22460.000000 0.039847
22470.000000 0.039729
22480.000000 0.039612
22490.000000 0.039494
22500.000000 0.039377
22510.000000 0.039259
22520.000000 0.039142
22530.000000 0.039024
22540.000000 0.038906
22550.000000 0.038789
22560.000000 0.038671
22570.000000 0.038554
22580.000000 0.038436
22590.000000 0.038319
22600.000000 0.038201
22610.000000 0.038084
22620.000000 0.037966
22630.000000 0.037849
22640.000000 0.037731
22650.000000 0.037614
22660.000000 0.037496
22670.000000 0.037379
22680.000000 0.037261
22690.000000 0.037144
22700.000000 0.037026
22710.000000 0.036909
22720.000000 0.036791
22730.000000 0.036674
22740.000000 0.036556
22750.000000 0.036439
22760.000000 0.036321
22770.000000 0.036204
22780.000000 0.036086
22790.000000 0.035969
22800.000000 0.035851
22810.000000 0.035734
22820.000000 0.035616
22830.000000 0.035499
22840.000000 0.035381
22850.000000 0.035264
22860.000000 0.035146
22870.000000 0.035029
22880.000000 0.034911
22890.000000 0.034794
22900.000000 0.034676
22910.000000 0.034559
22920.000000 0.034441
22930.000000 0.034324
22940.000000 0.034206
22950.000000 0.034089
22960.000000 0.033971
22970.000000 0.033854
22980.000000 0.033736
22990.000000 0.033619
23000.000000 0.033501
23010.000000 0.033384
23020.000000 0.033266
23030.000000 0.033149
23040.000000 0.033031
23050.000000 0.032914
23060.000000 0.032796
23070.000000 0.032679
23080.000000 0.032561
23090.000000 0.032444
23100.000000 0.032326
23110.000000 0.032209
23120.000000 0.032091
23130.000000 0.031974
23140.000000 0.031856
23150.000000 0.031739
23160.000000 0.031621
23170.000000 0.031504
23180.000000 0.031386
23190.000000 0.031269
23200.000000 0.031151
23210.000000 0.031034
23220.000000 0.030916
23230.000000 0.030799
23240.000000 0.030681
23250.000000 0.030564
23260.000000 0.030446
23270.000000 0.030329
23280.000000 0.030211
23290.000000 0.030094
23300.000000 0.029976
23310.000000 0.029859
23320.000000 0.029741
23330.000000 0.029624
23340.000000 0.029506
23350.000000 0.029389
23360.000000 0.029271
23370.000000 0.029153
23380.000000 0.029036
23390.000000 0.028918
23400.000000 0.028801
23410.000000 0.028683
23420.000000 0.028566
23430.000000 0.028448
23440.000000 0.028331
23450.000000 0.028213
23460.000000 0.028096
23470.000000 0.027978
23480.000000 0.027861
23490.000000 0.027743
23500.000000 0.027626
23510.000000 0.027508
23520.000000 0.027391
23530.000000 0.027273
23540.000000 0.027156
23550.000000 0.027038
23560.000000 0.026921
23570.000000 0.026803
23580.000000 0.026686
23590.000000 0.026568
23600.000000 0.026451
23610.000000 0.026333
23620.000000 0.026216
23630.000000 0.026098
23640.000000 0.025981
23650.000000 0.025863
23660.000000 0.025746
23670.000000 0.025628
23680.000000 0.025511
23690.000000 0.025393
23700.000000 0.025276
23710.000000 0.025158
23720.000000 0.025041
23730.000000 0.024923
23740.000000 0.024806
23750.000000 0.024688
23760.000000 0.024571
23770.000000 0.024453
23780.000000 0.024336
23790.000000 0.024218
23800.000000 0.024101
23810.000000 0.023983
23820.000000 0.023866
23830.000000 0.023748
23840.000000 0.023631
23850.000000 0.023513
23860.000000 0.023396
23870.000000 0.023278
23880.000000 0.023161
23890.000000 0.023043
23900.000000 0.022926
23910.000000 0.022808
23920.000000 0.022691
23930.000000 0.022573
23940.000000 0.022456
23950.000000 0.022338
23960.000000 0.022221
23970.000000 0.022103
23980.000000 0.021986
23990.000000 0.021868
24000.000000 0.021751
24010.000000 0.021633
24020.000000 0.021516
24030.000000 0.021398
24040.000000 0.021281
24050.000000 0.021163
24060.000000 0.021046
24070.000000 0.020928
24080.000000 0.020811
24090.000000 0.020693
24100.000000 0.020576
24110.000000 0.020458
24120.000000 0.020341
24130.000000 0.020223
24140.000000 0.020106
24150.000000 0.019988
24160.000000 0.019871
24170.000000 0.019753
24180.000000 0.019635
24190.000000 0.019518
24200.000000 0.019400
24210.000000 0.019283
24220.000000 0.019165
24230.000000 0.019048
24240.000000 0.018930
24250.000000 0.018813
24260.000000 0.018695
24270.000000 0.018578
24280.000000 0.018460
24290.000000 0.018343
24300.000000 0.018225
24310.000000 0.018108
24320.000000 0.017990
24330.000000 0.017873
24340.000000 0.017755
24350.000000 0.017638
24360.000000 0.017520
24370.000000 0.017403
24380.000000 0.017285
24390.000000 0.017168
24400.000000 0.017050
24410.000000 0.016933
24420.000000 0.016815
24430.000000 0.016698
24440.000000 0.016580
24450.000000 0.016463
24460.000000 0.016345
24470.000000 0.016228
24480.000000 0.016110
24490.000000 0.015993
24500.000000 0.015875
24510.000000 0.015758
24520.000000 0.015640
24530.000000 0.015523
24540.000000 0.015405
24550.000000 0.015288
24560.000000 0.015170
24570.000000 0.015053
24580.000000 0.014935
24590.000000 0.014818
24600.000000 0.014700
24610.000000 0.014583
24620.000000 0.014465
24630.000000 0.014348
24640.000000 0.014230
24650.000000 0.014113
24660.000000 0.013995
24670.000000 0.013878
24680.000000 0.013760
24690.000000 0.013643
24700.000000 0.013525
24710.000000 0.013408
24720.000000 0.013290
24730.000000 0.013173
24740.000000 0.013055
24750.000000 0.012938
24760.000000 0.012820
24770.000000 0.012703
24780.000000 0.012585
24790.000000 0.012468
24800.000000 0.012350
24810.000000 0.012233
24820.000000 0.012115
24830.000000 0.011998
24840.000000 0.011880
24850.000000 0.011763
24860.000000 0.011645
24870.000000 0.011528
24880.000000 0.011410
24890.000000 0.011293
24900.000000 0.011175
24910.000000 0.011058
24920.000000 0.010940
24930.000000 0.010823
24940.000000 0.010705
24950.000000 0.010588
24960.000000 0.010470
24970.000000 0.010353
24980.000000 0.010235
24990.000000 0.010118
25000.000000 0.010000
